"Evolução";"Em branco/IGN";"<1 Ano";"1-4";"5-9";"10-14";"15-19";"20-39";"40-59";"60-64";"65-69";"70-79";"80 e +";"Total"
"Ign/Branco";7040;64463;145765;260315;330921;422803;1732782;1190733;185812;140736;163660;65526;4710556
"Cura";14346;115087;276220;570839;805039;997817;4100157;3038859;499306;371851;420395;152975;11362891
"Óbito pelo agravo notificado";30;129;112;174;199;245;1485;2295;701;817;1883;2345;10415
"Óbito por outra causa";7;34;33;26;39;43;292;588;183;233;471;619;2568
"Óbito em investigação";12;90;56;76;65;79;575;829;279;349;687;930;4027
"Total";21435;179803;422186;831430;1136263;1420987;5835291;4233304;686281;513986;587096;222395;16090457